start=(9000,4500)
connect1=(580,7900)
connect2=(580,7900)
connect3=(580,77300,3400,1700)
end=(380,20000)
level1 = ((580, 510), (580, 1650))
level2 = ((580, 510), (580, 1650))
level3 = ((580, 510), (580, 1650))
level4 = ((420, 420), (420, 1260))

冷开start+data1(11000001,01100000,00100000,01000001,00000000,00000000)+connect1+data2(00000001,00000000,00000000,00000000,00000100,00000000,00000100,01100000)+connect2+data3(00000000,10100100,00000000,00000000,00001100,00101000,10000000)+connect3+data4(00000010,00000000,00101000,00000001,11000010,01000001,00110100,00101111,11000100,00000000,00010110,00000000,00000000,10000000,00000000,00000000,11110010)+end
冷关start+data1(11000001,01100000,00100000,01000001,00000000,00000000)+connect1+data2(00000001,00000000,00000000,00000000,00000100,00000000,00000100,01100000)+connect2+data3(00000000,10100100,00000000,00000000,00000100,00101000,10001000)+connect3+data4(00000010,00000000,00101000,00000001,11000010,10000001,00110100,00101111,11000000,00000000,00010110,00000000,00000000,10000000,00000000,00000000,00110010)+end
热开start+data1(11000001,01100000,00100000,00000001,00000000,00000000)+connect1+data2(00000001,00000000,00000000,00000000,00000100,00000000,01001000,01101100)+connect2+data3(00000000,10100100,00000000,00000000,00001100,00101000,10000000)+connect3+data4(00000010,00000000,00101000,00000001,11000010,01000010,00110100,00011011,11000100,00000000,00010110,00000000,00000000,10000000,00000000,00000000,10110010)+end
热关start+data1(11000001,01100000,00100000,00000001,00000000,00000000)+connect1+data2(00000001,00000000,00000000,00000000,00000100,00000000,01001000,01101100)+connect2+data3(00000000,10100100,00000000,00000000,00000100,00101000,10001000)+connect3+data4(00000010,00000000,00101000,00000001,11000010,10000010,00110100,00011011,11000000,00000000,00010110,00000000,00000000,10000000,00000000,00000000,01010010)+end
