level1：(630,482),(630,1610)
level2：(630,482),(630,1610)
level3：(550,520),(550,1576)
level4：(510,530),(510,1600)
start：(4500,4500)
connect1=(630,5200,4500,4500)
connect2=(630,85000,4500,4500)
connect3=(550,5200,4500,4500)
end：(510,20000)
start+data1()+connect1+data2()+connect2+data3()+connect3+data4()+end

冷开start+data1(10110010,01001101,10111111,01000000,11010000,00101111)+connect1+data2(10110010,01001101,10111111,01000000,11010000,00101111)+connect2+data3(10100001,10100000,00001001,11111111,11111111,00010111)+connect3+data4(01011110,01011111,11110110,00000000,00000000,11101000)+end
冷关start+data1(10110010,01001101,01111011,10000100,11100000,00011111)+connect1+data2(10110010,01001101,01111011,10000100,11100000,00011111)+connect2+data3(10100001,00100000,00001001,11111111,11111111,10010111)+connect3+data4(01011110,11011111,11110110,00000000,00000000,01101000)+end
热开start+data1(10110010,01001101,10111111,01000000,11011100,00100011)+connect1+data2(10110010,01001101,10111111,01000000,11011100,00100011)+connect2+data3(10100001,10100011,00001001,11111111,11111111,00010100)+connect3+data4(01011110,01011100,11110110,00000000,00000000,11101011)+end
热关start+data1(10110010,01001101,01111011,10000100,11100000,00011111)+connect1+data2(10110010,01001101,01111011,10000100,11100000,00011111)+connect2+data3(10100001,00100011,00001001,11111111,11111111,10010100)+connect3+data4(01011110,11011100,11110110,00000000,00000000,01101011)+end